213
8239 17
17215 46954 79690 24069 5186 96392 450 96795 6475 28532 39089 36454 36389 1708 34187 30991 57146 
5584 10
64606 18627 30933 61506 20196 88657 85926 26519 29637 52602 
3769 17
29832 75653 47632 606 67335 53531 10533 96609 85267 18759 69363 43225 73042 85119 9999 40759 923 
1557 17
3194 79620 23157 2858 11168 5566 64895 5543 85028 49134 8127 13668 60485 657 24504 69284 23294 
7747 18
83130 59915 75420 60059 92543 71937 38767 48522 8911 42904 96160 86558 38585 63041 30365 25528 23214 86636 
8171 14
37206 35658 65199 57868 64802 628 64612 61228 14004 19835 88172 9941 26025 62765 
783 19
41389 49971 593 99401 80409 50900 32306 89896 63943 68715 92020 99706 2958 18165 14838 67862 55062 85759 42106 
9479 18
35487 28004 61572 63922 53203 95238 49270 77538 45904 26242 91530 7706 47936 19740 15938 94436 65691 53463 
8079 16
42415 82065 61137 78690 12234 14251 18718 40346 81894 35705 8205 88329 41092 7197 78175 21614 
2262 12
90974 63783 47743 12174 22922 50101 27852 60734 67111 37490 35156 77149 
5098 13
97937 10769 57640 52519 22890 99423 61391 57668 49806 97332 16605 39283 22745 
1283 18
78912 89194 18163 45905 65797 29280 99157 21454 30634 38825 18667 43971 61184 34956 96458 87663 50561 9751 
9169 13
11520 11370 56712 94001 84264 73787 57665 25298 94834 20169 78627 26658 31518 
2225 11
64002 65521 44999 98304 12352 18592 95996 31065 84322 95170 59488 
2751 20
77763 78785 69810 56546 64018 8216 89382 75564 41195 47387 30553 57073 8193 14078 14360 17685 68699 8336 23706 25176 
8862 19
64911 61951 22413 40222 51933 80888 95974 76154 13733 95484 85213 21263 61649 10058 95183 4895 32601 92624 48111 
2738 10
60345 90672 99070 51020 79375 85669 11467 29926 80013 87867 
2728 12
14669 50096 41405 4675 31239 39525 79864 8790 31672 31046 57083 15550 
8849 13
62967 99175 19806 97528 66520 36545 88498 5223 73029 78663 42341 43003 74292 
1702 19
93013 48446 93145 57179 82133 67628 62626 93530 26971 37974 83136 52945 96195 54745 6883 41154 54155 44058 63244 
9781 12
72280 12902 80745 41292 81815 78276 66930 28096 48639 34317 47602 23325 
631 19
82407 80007 22180 75551 45986 54938 58226 40475 71097 47946 44959 91917 13130 284 90469 96170 52195 4959 80471 
7979 18
26019 4997 92866 53177 81657 59918 51645 21376 76093 85594 2246 93106 46998 55846 34025 83163 97833 67724 
4506 14
46480 38358 68459 32001 63107 98349 69560 48250 39993 93152 7121 5368 88297 9268 
9367 15
49908 90301 10106 32324 43507 82428 36361 49525 23025 31744 69960 94991 55924 65640 19891 
1574 20
27191 64072 82845 27993 36976 60025 18382 60513 13165 79634 95189 23175 44988 38637 51446 48937 83151 95635 12155 69816 
6994 13
83743 44973 22087 68834 12043 97023 28872 38396 96372 61296 65385 96668 9219 
1378 18
73543 96525 13891 831 20750 54234 97441 59220 49120 74283 69497 99042 87112 23194 63363 60280 36275 76664 
2166 11
6135 62613 40136 8926 26738 90335 28339 64805 57078 19898 80786 
3289 15
10448 6747 52384 59597 93301 46612 37342 72724 49749 93236 26706 76704 50625 88478 36689 
8087 13
57533 8155 20856 45448 16447 52814 35791 7515 87970 88923 33149 12812 12939 
3417 18
36526 54203 39938 17452 19980 96531 91521 37647 3344 41078 88451 1103 37976 54698 48692 2976 82614 28846 
4087 20
62294 86074 28038 60783 59188 23972 44485 47233 14835 97103 69776 47446 57814 83784 66009 30611 9658 8789 82600 78017 
3559 10
5616 21422 76341 42400 6664 29299 75645 80983 71514 19531 
5325 13
80053 54604 7264 22994 73755 68734 49679 57732 87070 69814 12212 49595 84566 
4935 11
90791 46253 50012 42211 62451 42943 77223 50800 23405 84608 28132 
9588 16
45766 52079 99620 82776 2915 77918 72607 11697 51868 32837 71425 61586 45047 23697 17909 20609 
9021 18
60022 11422 92710 79065 22741 28312 14594 28584 49148 75568 45478 2409 75502 31230 77753 38776 82369 75777 
2549 15
55236 96142 80346 4269 71209 41039 6829 15829 57168 39527 71628 18911 99307 80517 53429 
5470 10
26972 34120 74068 86674 78333 74187 4388 32926 16261 13236 
3663 20
45434 19209 70024 6079 10822 25909 92263 92496 94035 39299 72721 61955 35009 99252 75991 26508 52593 25364 96335 60991 
8868 16
1366 32911 60497 69407 18894 91654 12541 56982 81714 7101 85064 31448 62061 39587 13809 54585 
666 18
9951 99567 30881 21912 71517 26993 14705 6572 57487 58181 13783 67875 2834 92957 36233 14885 25193 74264 
3017 16
73607 62598 84337 25813 52246 47009 10767 27039 7286 36762 16757 47161 22532 48204 73213 42898 
5874 12
20119 52348 77884 95237 38016 53553 45223 26282 68608 49442 89584 29896 
8912 19
36219 9206 5735 53735 31202 11771 61440 51355 23631 24608 57032 74752 48048 37555 69852 33840 67082 76800 51469 
248 17
84520 45880 42673 9102 63932 7283 42868 33656 4364 21590 71460 10590 14983 41047 41711 31765 99836 
8796 11
5834 54729 48241 95709 72373 73999 94930 83000 17115 79176 70427 
9801 15
77843 58702 46555 76761 88513 18877 53337 90046 88690 11011 64667 93741 94760 40287 41669 
7391 10
42426 79600 69302 41901 48039 52874 14018 67581 88685 46261 
6128 20
85397 96771 85853 62723 29074 75456 63341 70693 15529 17948 1159 29902 47730 16392 72733 70642 61463 2093 42189 32262 
9976 19
62503 36773 13393 87806 28661 88266 29360 91648 46923 80825 71934 21657 94155 56801 53636 56787 70401 789 94520 
4472 12
11639 22 68847 35070 77229 24982 44076 74212 96709 91501 6311 13360 
1903 12
5242 43250 672 34099 97560 10986 83885 14954 18107 34289 72687 12984 
6744 9
49499 53932 17170 22576 38693 53294 38525 38954 49905 
6831 16
18500 63498 34782 83952 75823 90174 16931 56917 2046 62627 71665 61540 98655 97591 39934 83108 
9506 18
61131 32320 91177 53947 73605 13325 54080 28035 82657 2253 55571 95401 73120 64272 48747 33125 52150 24168 
9533 12
30722 59585 32398 83410 52812 79547 68251 25441 79705 14257 17248 28653 
6903 11
69489 19931 13768 62287 13381 23066 39565 74448 41251 15214 35728 
3691 20
9338 66869 74413 41646 79731 2121 25828 10688 74814 6374 31459 27344 43392 20903 27638 72906 65137 97037 11485 14220 
3942 13
89499 86425 29547 52919 68953 63091 36673 63283 79762 55387 63998 30676 48230 
8996 14
31632 56914 67849 40594 92708 24696 93173 89755 50297 59129 35812 33165 66490 65408 
926 10
24635 87580 61774 35776 84486 63947 4117 62344 10820 58282 
5011 13
8076 76374 91907 49516 92861 12884 11082 82251 31712 70720 66464 6441 74414 
9254 18
25536 20202 30233 72930 91670 58818 96916 71408 65499 77210 44040 89 69250 15520 96271 65220 79364 57130 
1969 19
92789 69385 11470 69470 29883 36256 22896 36173 84262 88099 14936 37280 62422 46941 16318 77812 51253 36425 37785 
1019 16
30109 92976 36833 17979 51587 98292 4891 26854 33727 74892 61306 1632 30797 41863 81365 40199 
6396 12
71240 14995 28919 80236 68119 14039 10810 49992 16288 67310 53076 72098 
7040 19
61395 63916 26840 81695 18632 20104 6429 68762 52031 40241 9114 51633 12011 19113 15896 95228 40704 36601 80914 
5104 10
61992 89429 26058 78500 15796 37333 88839 83748 75484 64858 
1798 16
44594 17721 30122 28009 64366 95169 58963 49073 74192 84099 90897 57767 93856 66964 3645 62253 
8092 14
58090 11455 46028 51726 55335 36132 77723 43953 27702 58423 25584 55186 73349 54982 
1201 20
78818 16196 58677 48464 28933 91106 33588 99331 63192 4850 34078 8851 93111 8585 6471 84256 26759 66837 33482 99899 
4546 15
67393 4757 57549 40142 29594 89673 37458 17293 11618 26321 74550 80640 93412 28285 10059 
7309 18
3127 4824 96155 75669 81415 23223 96211 55667 9204 97897 21771 52877 96743 41459 92775 8224 78598 42356 
2156 14
62708 78328 13603 19253 82964 84283 81040 7593 4723 31168 88417 12650 9436 21601 
4109 16
94313 77305 80546 66715 19027 22574 33787 87664 85331 94290 70339 49246 61714 23300 79213 63461 
7147 11
11699 71419 53476 99286 93179 34682 3484 7912 56861 10685 66666 
4107 10
4901 39372 28454 51351 7595 29225 98300 25157 30425 5884 
7060 18
93846 27679 36746 1094 43941 55985 13396 83866 24093 7246 77052 87369 28890 24698 75704 91064 19290 60798 
8938 18
28573 68994 23977 9839 396 43315 12838 19724 61362 15463 56516 34108 50971 99304 23636 87552 91019 3661 
7228 10
37230 88849 38605 686 274 29492 8623 76995 80177 70387 
9093 15
3390 37359 37587 5390 34264 47842 78053 25059 31087 27202 3637 27631 2620 96266 57611 
5207 15
70848 17041 84685 32399 67500 99365 88987 92304 4706 27487 63981 27863 28017 51 17947 
270 12
97247 97589 33876 75116 83779 89072 20521 68709 95657 99707 53802 73124 
1362 13
99195 16381 23576 59183 50782 33033 9594 73931 230 29277 18281 6294 67810 
9640 18
72330 52388 32905 10865 64954 82354 76196 1995 19498 58348 32516 3968 58271 92356 36336 95692 58042 39013 
2409 17
11940 45794 81095 20734 87244 98168 57236 11465 8839 33993 9271 43903 84870 63689 11507 69646 97187 
3173 11
86738 13293 8710 75369 1244 16449 65043 33767 68142 48593 55754 
2020 10
37139 33626 27597 27424 57212 83717 48808 88764 3751 8142 
8238 10
86382 42074 40493 73088 55207 85071 14061 27388 6401 35131 
9492 16
37846 83283 93901 75961 89129 9721 69337 88784 75275 82766 12826 94181 19162 18656 30526 26216 
3725 17
34481 46234 80533 35324 56424 41252 65302 2746 96589 36373 32565 17487 36733 85083 7157 74399 54085 
1003 15
64204 22234 23430 37057 93573 79721 7575 20113 42623 16283 34248 83786 16533 36723 77317 
2759 19
39908 59588 22593 33693 20900 90412 43513 39207 18178 10911 89978 49471 90172 76238 23359 23179 91442 32169 59994 
6161 11
35688 67731 92158 29286 87525 38435 60767 59990 26318 24389 81974 
3573 10
44259 25227 59399 65141 89590 69432 29960 26842 30845 60033 
8205 18
35930 5281 32461 26796 39588 40269 19155 73051 5799 60534 17075 47142 52328 50746 26935 25283 17245 44266 
2413 18
92302 63259 4516 3044 44558 79990 20203 31814 45644 32776 82794 50706 19829 49009 15747 62796 23353 85285 
2560 19
47035 50332 87694 47585 42077 98687 34286 9355 3919 90653 30532 46678 23625 36243 53012 57157 54891 12033 61536 
7937 20
32944 58431 7517 48614 78805 4329 81827 13847 48712 50105 34861 92731 97092 79984 74379 3015 12807 3518 12068 62239 
220 19
80199 58268 37332 69313 53737 15813 42679 16920 19587 51537 813 17440 92984 90127 48577 79410 27476 33342 18369 
4330 11
96715 71274 72368 96206 60050 2290 80442 97836 87042 6287 52496 
1223 14
10468 74055 35919 76227 40096 11418 20472 23167 710 38956 94572 53244 39083 32381 
9652 14
94301 11778 99536 44444 56278 95706 44644 76032 15683 6659 57336 51652 20388 51588 
1240 11
31344 10329 40191 4955 30587 26118 88664 4032 62583 63066 80148 
6985 19
53397 58083 55066 40184 97673 97283 95518 96606 43479 13289 77631 89944 8688 44783 88211 65383 70837 46241 46035 
3369 11
44346 36496 1077 38612 64757 61874 50739 19956 17204 15038 49076 
4284 18
20698 72299 37144 79590 23103 39219 74488 33387 94524 79501 99442 4492 84059 55489 91306 76024 95026 40266 
8701 16
75890 32468 22983 68291 87327 33887 70145 82586 17641 90433 5863 7804 10655 22625 27998 39610 
8817 18
54267 70421 72002 39905 50969 35673 84141 87239 95781 66047 83851 86849 18599 70114 49267 34634 20107 69450 
9848 11
38687 31778 66696 59308 50014 78222 19846 50894 19154 87308 25141 
7173 18
16765 67600 51287 4461 99739 80374 15122 61890 59334 35610 668 24620 50199 83147 8986 56419 48093 45957 
3253 15
7439 20922 40567 38384 3449 92325 39019 89321 72398 78447 2215 48906 6077 49955 12058 
585 15
68035 95338 58239 10728 47000 7897 22158 90553 72114 28778 78187 62068 98225 40085 75655 
3774 19
99852 18594 16820 87531 62564 64308 28910 50395 12810 35652 31987 64044 4848 78004 74135 39444 74696 9862 45267 
6332 17
23310 24644 55310 10532 95054 49897 90039 25582 43186 32299 31377 56085 12538 98694 61931 18095 6820 
351 18
71296 1814 29227 53201 64222 25187 56992 50555 46738 5061 26163 98744 40494 95938 94307 33654 84397 67705 
5820 14
5564 72015 82516 30951 23868 48008 86589 89636 20213 12817 88831 87294 92884 51451 
7387 10
73677 275 45141 39935 31958 9408 97816 92837 38047 38385 
249 9
77473 53649 47141 50044 78307 6652 97423 41377 16646 
9395 18
63323 73868 3728 38865 80327 76918 95505 47997 74230 72621 50843 37366 11216 84421 39446 26482 33518 72655 
7716 14
55976 1378 81305 44713 10333 64986 15088 67235 80031 81357 74486 84331 49735 9804 
3455 18
30918 33632 68755 93694 25114 51264 90615 26094 59195 90561 82940 26454 66719 67700 88309 57182 15838 86518 
1429 15
71251 13596 3421 72743 81769 42561 24440 39346 71970 97642 75018 10909 23169 73362 58104 
6693 17
78858 28274 94469 28662 3692 55375 14953 37701 7108 80946 87106 12197 77269 61470 89593 88888 11171 
52 18
81132 82886 97294 58885 69736 18026 27381 79233 58568 97618 36808 47297 99295 66143 42359 79254 83658 81158 
1741 17
86505 70343 31077 73609 55619 98859 34751 46135 39522 21942 67248 39766 34417 65849 37112 60654 13869 
7746 11
59907 45144 4100 56815 24363 24492 54403 45429 99364 60219 97759 
9075 11
26000 51213 45770 93063 41795 20193 36101 78379 70802 52370 35163 
5312 10
26994 5170 36550 72729 88170 84015 72626 92297 60264 96436 
103 10
37898 3032 69443 46225 97035 76913 71029 45409 5350 46425 
1188 12
72436 97269 82323 97031 28959 93460 72155 35545 83385 52332 93526 24333 
6253 19
51545 43682 10342 66108 98355 77863 34810 71436 81202 51490 43797 83025 25956 9713 56995 98882 51496 1822 96307 
6822 18
34656 15027 45756 38362 67692 83532 31946 98206 12742 90677 21236 35097 75430 77680 59710 8511 10666 10778 
2994 16
30713 8702 63097 79064 92299 89280 10665 42543 28101 50273 61227 1889 95636 92873 43842 48952 
5171 20
16578 35832 10543 49129 52278 83485 98516 58294 59834 71222 53013 31258 22050 72825 72316 8111 32968 57161 30835 80163 
6757 10
98267 7558 4956 95424 31008 96496 29499 15584 65146 60615 
8963 19
21749 63297 38623 29905 53210 11316 43063 16223 31161 66830 93259 44230 10669 88675 82494 40902 45349 29817 97330 
4158 10
67108 74918 95770 37593 68271 77501 65360 80493 14467 21921 
6571 14
23129 83358 5567 23386 3865 16266 95036 40622 44632 87513 17244 18691 8036 56438 
4671 19
42602 48643 36875 96949 96157 69601 30696 53642 10631 70832 545 29707 31714 51509 25118 99977 18473 41773 71013 
9804 12
20379 39371 70934 90960 4722 6738 95702 69303 11385 56421 51501 16162 
9669 18
81711 96405 27859 52363 47415 33311 6737 76616 56958 43458 38314 47411 35421 23932 88420 89080 25827 59904 
9340 11
13819 70240 21301 5124 37971 68208 92890 17842 46540 15731 55464 
6141 18
53885 94993 38111 75205 13895 53624 57400 17779 91077 15322 82967 14509 88688 75195 11291 50634 38641 48360 
9285 16
65242 5962 31541 78262 41747 31449 22749 31286 57207 97926 95510 29181 47155 5194 91577 8888 
6818 13
37154 59500 71584 15434 31830 83126 16155 35848 3959 69715 45620 18562 64663 
4911 16
85710 76421 92138 52397 28804 58619 19265 69143 54356 96878 69556 39126 37518 20555 90309 98588 
5318 16
34553 38493 66705 59135 94052 29359 71731 32258 37329 35842 77232 8678 75354 37444 13447 36895 
4405 12
37134 35607 51919 89527 54478 72070 18280 70897 17185 68265 15673 21589 
1265 15
43649 23903 16146 68475 74434 86827 6345 12384 40536 15495 63830 72999 24675 19613 62157 
3862 10
15225 16396 92766 74736 68792 13943 71775 49033 44330 17058 
9606 17
38996 71083 50628 36481 94126 70057 54357 66446 37756 3882 99008 85934 5856 66240 48090 4191 49571 
2014 16
895 42773 40581 71397 4331 67482 61722 43259 45155 41020 47527 76869 10426 11824 78708 50136 
3380 15
521 42723 5265 57145 43860 11619 17372 10003 94748 925 62196 32782 87700 84465 43326 
6969 19
2574 39829 19297 48040 21369 89664 14796 79063 72353 70944 85131 4025 63217 79057 51650 74825 79335 57527 85292 
6607 17
10622 31828 55097 27459 98495 38537 75727 86148 2690 12666 98411 5971 11257 32739 40104 31349 88118 
642 17
21787 526 55420 48711 56643 89407 46958 4288 62757 35852 23407 18101 90227 66417 62161 2562 30005 
8112 16
77624 57463 99655 266 24848 96351 80282 82350 91097 34577 75915 18015 50610 31130 9293 28832 
2338 16
62534 75286 67777 96287 44022 81215 99450 27208 45100 40728 60888 1687 87519 30916 40544 12789 
7861 18
15132 7153 26684 89397 62413 83127 91049 93066 98166 25179 97889 26584 63759 70185 30826 12461 40456 893 
19 20
57153 2596 41297 82303 77516 53043 53181 59697 34109 33832 31923 15417 289 10987 62074 45938 84845 50289 84320 54031 
2060 16
60362 58495 18731 6512 35988 8429 43409 22280 55453 77646 23232 39985 31815 77175 37784 50374 
3878 12
30975 55575 88568 93850 85226 80952 27116 96304 84194 8792 98779 98201 
4102 16
30342 6848 38109 6335 39896 54893 37201 1090 96156 98481 40383 34801 19882 50612 55522 61888 
6572 12
64810 83249 59309 54443 28378 43279 37887 58485 75962 79617 42542 30560 
7958 14
85340 46379 37559 65035 4721 46223 44526 4356 99132 89922 53931 54348 62587 41068 
343 17
5546 67168 46216 30330 9816 46463 96611 50114 78715 91255 8037 99824 64042 70016 98385 72707 11182 
4477 13
98401 32099 52722 63631 61924 15296 62379 18840 35959 671 81155 33118 87543 
5894 14
27799 20038 50391 30619 49159 98101 25561 91147 56697 24329 17606 98384 19699 39078 
769 10
97830 37297 56373 66662 93744 23807 95943 4452 56458 36043 
1938 16
41218 73769 34639 42519 33144 51436 76280 37691 46828 37008 80256 36718 62711 53899 35847 64019 
6940 18
13098 69993 27468 24199 57710 73925 39870 85883 42102 79244 9446 6553 26739 58983 59466 89434 39164 60078 
6806 19
50328 31491 45483 38916 93911 64492 63429 24450 91537 31169 30564 62223 77625 61957 25068 45570 95854 55264 99485 
3710 13
54751 71177 57493 40526 93860 57110 38676 86684 71603 55705 64668 97561 77997 
3293 17
17869 68393 64583 13828 32674 40965 88660 85539 60315 39321 59861 16870 78980 3090 43686 83761 73889 
6737 13
36749 65438 58438 29521 6745 30730 86360 43806 43113 9369 88027 7209 48926 
222 16
27896 99236 88365 10877 72458 35718 15638 30971 89047 581 94864 20740 43285 64713 77954 21050 
8424 15
58453 31342 39260 14947 96270 55191 65130 64285 19360 92168 18936 49647 31800 64489 30300 
4669 17
53493 80104 50155 33474 20140 51957 97651 38851 97200 92949 7570 70364 32340 46370 10928 47499 16777 
4419 16
7974 69748 87742 90526 6448 75666 4977 29822 27996 76124 59494 6557 60288 23924 17409 6598 
2162 16
93034 31645 49668 54504 17961 42376 81610 63614 31401 84861 54449 34879 81932 66269 35593 44531 
5860 16
48944 13151 77344 65811 2073 30580 25002 47952 57872 26810 74094 31262 54545 82990 13108 4525 
9471 13
26521 79028 246 20685 66182 43263 85125 87420 51548 17371 18113 6540 84146 
445 17
27036 14411 24640 90346 86612 92413 64459 24482 59344 35349 36172 32384 2014 69678 55148 18854 47090 
9676 13
93929 92518 68280 43234 70745 14601 24519 24654 14940 52718 16635 94138 89472 
7264 12
13301 61139 81118 3467 72974 62546 55771 21502 89996 7168 96084 19068 
41 13
96798 86914 23935 3373 94664 14650 55220 45821 48148 7546 81687 12876 48005 
4726 20
75840 81026 13779 36109 84358 17125 98764 3912 49086 19746 57335 26168 4894 17828 44633 35025 3425 81654 49787 32557 
6726 18
87515 85746 7848 16780 84300 41533 41187 52757 4437 10260 28196 55031 32323 89889 95230 2193 30205 67491 
2297 17
32352 98491 19238 67018 61759 74118 54343 20451 72402 48161 5511 6718 42504 70960 26037 34902 44219 
8978 15
35943 59571 47581 71837 39648 54607 34377 42756 95640 32316 75407 47102 83323 71838 328 
2542 13
1681 94377 33864 10328 38489 36827 1240 73401 37796 36220 95297 28379 10824 
2875 13
17094 86247 67744 55523 5747 7834 80433 55232 44716 34181 34745 58209 76018 
8264 10
5559 89474 36427 70759 73485 48675 14517 96851 46880 9595 
9068 18
56443 21632 93194 57736 21943 64778 61514 31376 14854 34144 4580 85429 40568 53712 65111 49418 43801 86171 
9368 15
67656 25003 52306 6710 31484 84092 198 96881 52200 65338 50940 73662 1751 26343 35333 
5857 16
6504 40680 22716 72811 85184 94779 99699 7444 67607 86694 44471 65193 25390 58643 76320 32808 
1400 18
96979 52961 48534 38848 65802 87071 46545 44221 18269 44853 22733 99654 86246 27006 285 40596 94419 68325 
5865 11
38326 60550 89213 63840 66779 20325 23960 31929 58996 28954 14027 
3831 10
45262 52117 37192 95758 96074 1385 45229 8482 32625 97043 
6515 19
21935 69818 57343 14794 99105 99634 57344 25225 91885 16528 3350 54125 30466 88653 95801 50064 1897 20010 22189 
4823 17
9572 72005 77519 91942 6111 64066 73855 88339 75209 39929 1141 40726 24789 78469 30191 15820 43848 
5712 10
79116 5529 44794 77170 38714 65409 32655 23199 57198 26306 
6265 16
60032 28255 44029 75799 72957 18479 47425 32208 53114 46734 19634 8669 86805 97241 67512 23841 
9106 17
44677 66450 97799 11562 1528 62637 16225 38499 33723 7416 15789 44468 88686 86033 37095 55477 62653 
7551 11
15219 73229 33309 88610 52678 75567 17692 17253 87640 19026 22318 
1793 14
7526 82374 26363 27232 11271 78211 61495 66053 51461 95737 50 39114 12118 20194 
1964 10
81950 44464 78578 23560 52596 15624 22840 51966 24568 93659 
5531 16
98025 9149 74551 752 9601 67824 42095 76794 70070 98877 12641 89107 37185 60243 66785 35056 
1213 11
73379 58424 20503 2028 2368 41264 22192 12267 85456 57041 90468 
5328 1
32620 
